1608037173783 0.7081791162490845 0
1608037174414 0.5782996416091919 10
1608037175007 0.3420736491680145 20
1608037175600 0.14724960923194885 30
1608037176193 0.07535915821790695 40
1608037176786 0.05025119334459305 50
1608037177380 0.04848359152674675 60
1608037177961 0.03814462944865227 70
1608037178555 0.0373200848698616 80
1608037179149 0.033167414367198944 90
1608037179742 0.038727909326553345 100
1608037180336 0.03316164016723633 110
1608037180933 0.04064071550965309 120
1608037181515 0.04192687198519707 130
1608037182111 0.03426646813750267 140
1608037182706 0.023523464798927307 150
1608037183302 0.03272022306919098 160
1608037183901 0.029153374955058098 170
1608037184498 0.0249017383903265 180
1608037185081 0.03282565623521805 190
1608037185676 0.03002733737230301 200
1608037186272 0.026958322152495384 210
1608037186867 0.03232130408287048 220
1608037187464 0.026516234502196312 230
1608037188059 0.030537784099578857 240
1608037188641 0.030347606167197227 250
1608037189237 0.0298530962318182 260
1608037189832 0.030674433335661888 270
1608037190428 0.03315049409866333 280
1608037191024 0.03690839931368828 290
1608037191619 0.0261249840259552 300
