1608036927259 0.7076472043991089 0
1608036927864 0.6872679591178894 10
1608036928455 0.6288657188415527 20
1608036929046 0.5550668835639954 30
1608036929637 0.4831976294517517 40
1608036930228 0.41622254252433777 50
1608036930819 0.3530771732330322 60
1608036931398 0.29775547981262207 70
1608036931989 0.2465076744556427 80
1608036932580 0.20379075407981873 90
1608036933172 0.17086100578308105 100
1608036933765 0.14190301299095154 110
1608036934358 0.12265214323997498 120
1608036934938 0.10923606157302856 130
1608036935531 0.09299510717391968 140
1608036936124 0.07646188139915466 150
1608036936716 0.07372460514307022 160
1608036937309 0.06587021052837372 170
1608036937903 0.05755455419421196 180
1608036938484 0.05861886963248253 190
1608036939077 0.05369032546877861 200
1608036939670 0.04766341298818588 210
1608036940263 0.04967718943953514 220
1608036940855 0.04257699102163315 230
1608036941450 0.04383336007595062 240
1608036942031 0.04369863122701645 250
1608036942624 0.03990800306200981 260
1608036943218 0.04034601151943207 270
1608036943811 0.04136587679386139 280
1608036944407 0.043100468814373016 290
1608036945000 0.03353850916028023 300
1608036945579 0.04530702158808708 310
1608036946174 0.044343501329422 320
1608036946768 0.028689593076705933 330
1608036947362 0.034629613161087036 340
1608036947958 0.031689710915088654 350
1608036948553 0.039766859263181686 360
1608036949147 0.029142966493964195 370
1608036949728 0.03329397365450859 380
1608036950321 0.03175549954175949 390
1608036950915 0.028688844293355942 400
1608036951508 0.02737438678741455 410
1608036952101 0.03543923795223236 420
1608036952694 0.03171538561582565 430
1608036953275 0.0402284674346447 440
1608036953869 0.033625341951847076 450
1608036954463 0.035274289548397064 460
1608036955056 0.03302699327468872 470
1608036955650 0.02699236571788788 480
1608036956246 0.031621359288692474 490
1608036956830 0.03154519945383072 500
1608036957426 0.035143934190273285 510
1608036958021 0.024519911035895348 520
1608036958616 0.02278711460530758 530
1608036959212 0.02714480459690094 540
1608036959807 0.021664418280124664 550
1608036960388 0.024348914623260498 560
1608036960987 0.019559618085622787 570
1608036961582 0.032675035297870636 580
1608036962177 0.04299535974860191 590
1608036962772 0.03419956937432289 600
1608036963367 0.026340868324041367 610
1608036963949 0.016373593360185623 620
1608036964546 0.03101322427392006 630
1608036965141 0.02643212489783764 640
1608036965737 0.02434500679373741 650
1608036966331 0.029616286978125572 660
1608036966928 0.02188946306705475 670
1608036967523 0.02433384768664837 680
1608036968105 0.03902295231819153 690
1608036968700 0.028119854629039764 700
1608036969295 0.027958735823631287 710
1608036969890 0.022212011739611626 720
1608036970487 0.02323157899081707 730
1608036971083 0.031232884153723717 740
1608036971666 0.024585288017988205 750
1608036972262 0.03046337328851223 760
1608036972857 0.026115138083696365 770
1608036973454 0.023916272446513176 780
1608036974049 0.02712341770529747 790
1608036974644 0.02531612478196621 800
1608036975229 0.01890328899025917 810
1608036975824 0.02492913231253624 820
1608036976419 0.027819400653243065 830
1608036977015 0.03054124116897583 840
1608036977610 0.02652139775454998 850
1608036978206 0.029251253232359886 860
1608036978792 0.023202404379844666 870
1608036979386 0.03346622735261917 880
1608036979982 0.037318404763936996 890
1608036980577 0.0239819698035717 900
1608036981173 0.03149755671620369 910
1608036981768 0.025809742510318756 920
1608036982349 0.022091194987297058 930
1608036982948 0.027679890394210815 940
1608036983544 0.022182872518897057 950
1608036984139 0.020395074039697647 960
1608036984734 0.02541108801960945 970
1608036985329 0.03712555766105652 980
1608036985925 0.019479870796203613 990
1608036986510 0.016616791486740112 1000
1608036987106 0.02786746434867382 1010
1608036987701 0.026443038135766983 1020
1608036988296 0.020067472010850906 1030
1608036988891 0.018572626635432243 1040
1608036989488 0.019078727811574936 1050
1608036990072 0.020649442449212074 1060
1608036990666 0.01887999102473259 1070
1608036991262 0.0210447758436203 1080
1608036991858 0.020369354635477066 1090
1608036992455 0.017038516700267792 1100
1608036993050 0.018711067736148834 1110
1608036993634 0.0390542708337307 1120
1608036994229 0.01948506385087967 1130
1608036994825 0.024960219860076904 1140
1608036995420 0.02546168491244316 1150
1608036996017 0.016318103298544884 1160
1608036996612 0.017016947269439697 1170
1608036997193 0.013991445302963257 1180
1608036997791 0.0245827566832304 1190
1608036998386 0.01871487870812416 1200
1608036998982 0.02727217972278595 1210
1608036999578 0.031570084393024445 1220
1608037000173 0.020366912707686424 1230
1608037000755 0.013187064789235592 1240
1608037001353 0.014364248141646385 1250
1608037001949 0.024350736290216446 1260
1608037002545 0.017685983330011368 1270
1608037003141 0.019511045888066292 1280
1608037003736 0.02369961142539978 1290
1608037004332 0.03822559118270874 1300
1608037004920 0.01951606199145317 1310
1608037005517 0.01876063272356987 1320
1608037006113 0.02344421297311783 1330
1608037006709 0.0325445756316185 1340
1608037007306 0.023848412558436394 1350
1608037007901 0.018115658313035965 1360
1608037008488 0.02546945959329605 1370
1608037009084 0.020402466878294945 1380
1608037009679 0.01869627833366394 1390
1608037010275 0.022144075483083725 1400
1608037010870 0.024265464395284653 1410
1608037011467 0.013913393020629883 1420
1608037012051 0.016729606315493584 1430
1608037012646 0.01691761426627636 1440
1608037013242 0.019610552117228508 1450
1608037013837 0.01474114041775465 1460
1608037014433 0.017456533387303352 1470
1608037015029 0.025735793635249138 1480
1608037015613 0.023641936480998993 1490
1608037016208 0.015796463936567307 1500
1608037016804 0.024546874687075615 1510
1608037017399 0.013212091289460659 1520
1608037017997 0.02797577530145645 1530
1608037018592 0.015705905854701996 1540
1608037019174 0.015406384132802486 1550
1608037019772 0.018711324781179428 1560
1608037020369 0.014162073843181133 1570
1608037020966 0.014690588228404522 1580
1608037021562 0.022173330187797546 1590
1608037022158 0.01533835381269455 1600
1608037022754 0.023144757375121117 1610
1608037023339 0.018853476271033287 1620
1608037023935 0.01998439058661461 1630
1608037024532 0.01761842519044876 1640
1608037025128 0.011716427281498909 1650
1608037025724 0.030984869226813316 1660
1608037026319 0.013573413714766502 1670
1608037026905 0.01130987610667944 1680
1608037027501 0.011169683188199997 1690
1608037028097 0.013791676610708237 1700
1608037028693 0.02131933532655239 1710
1608037029288 0.017756132408976555 1720
1608037029884 0.01378487329930067 1730
1608037030470 0.018909692764282227 1740
1608037031065 0.015928033739328384 1750
1608037031661 0.013441560789942741 1760
1608037032256 0.01308805774897337 1770
1608037032852 0.01871187426149845 1780
1608037033448 0.022616928443312645 1790
1608037034031 0.014024762436747551 1800
1608037034629 0.020987238734960556 1810
1608037035225 0.015896905213594437 1820
1608037035821 0.012521329335868359 1830
1608037036417 0.02077605202794075 1840
1608037037014 0.012542419135570526 1850
1608037037596 0.014792358502745628 1860
1608037038195 0.011034596711397171 1870
1608037038791 0.010717904195189476 1880
1608037039387 0.012944430112838745 1890
1608037039984 0.019945457577705383 1900
1608037040581 0.017795812338590622 1910
1608037041179 0.01634863018989563 1920
1608037041765 0.01551066618412733 1930
1608037042363 0.013186316005885601 1940
1608037042961 0.008911766111850739 1950
1608037043560 0.02457636222243309 1960
1608037044158 0.012224409729242325 1970
1608037044756 0.009058231487870216 1980
1608037045342 0.015328951179981232 1990
1608037045939 0.01983223669230938 2000
1608037046539 0.013468146324157715 2010
1608037047136 0.012351151555776596 2020
1608037047734 0.009017907083034515 2030
1608037048332 0.009199826046824455 2040
1608037048919 0.010336525738239288 2050
1608037049517 0.013239504769444466 2060
1608037050114 0.008285227231681347 2070
1608037050712 0.017775431275367737 2080
1608037051309 0.01378038339316845 2090
1608037051907 0.010541168972849846 2100
1608037052496 0.011156519874930382 2110
1608037053094 0.01097867265343666 2120
1608037053696 0.016681082546710968 2130
1608037054308 0.016359977424144745 2140
1608037054931 0.022993270307779312 2150
1608037055537 0.015347732231020927 2160
1608037056128 0.013110911473631859 2170
1608037056741 0.01110430620610714 2180
1608037057345 0.012806992046535015 2190
1608037057949 0.015946820378303528 2200
1608037058554 0.01599641516804695 2210
1608037059172 0.015940485522150993 2220
1608037059772 0.009850136004388332 2230
1608037060360 0.021593153476715088 2240
1608037060966 0.013013126328587532 2250
1608037061569 0.009881197474896908 2260
1608037062203 0.01585710048675537 2270
1608037062827 0.019028235226869583 2280
1608037063453 0.01235180627554655 2290
1608037064050 0.013111140578985214 2300
1608037064676 0.017405916005373 2310
1608037065302 0.010091817006468773 2320
1608037065926 0.01330491155385971 2330
1608037066552 0.00964539684355259 2340
1608037067155 0.0119384890422225 2350
1608037067757 0.013636311516165733 2360
1608037068359 0.011323392391204834 2370
1608037068975 0.008858989924192429 2380
1608037069596 0.014396953396499157 2390
1608037070230 0.014035848900675774 2400
1608037070868 0.011690283194184303 2410
1608037071484 0.010392364114522934 2420
1608037072086 0.014581183902919292 2430
1608037072696 0.0218609981238842 2440
1608037073297 0.008389614522457123 2450
1608037073896 0.010171937756240368 2460
1608037074494 0.011192362755537033 2470
1608037075078 0.009874699637293816 2480
1608037075682 0.009226271882653236 2490
1608037076285 0.014224897138774395 2500
1608037076886 0.009208735078573227 2510
1608037077490 0.012330080382525921 2520
1608037078090 0.009298622608184814 2530
1608037078693 0.014648493379354477 2540
1608037079280 0.008089695125818253 2550
1608037079882 0.008528653532266617 2560
1608037080484 0.012930228374898434 2570
1608037081084 0.012856801971793175 2580
1608037081683 0.01241198182106018 2590
1608037082283 0.01477047335356474 2600
1608037082870 0.008793871849775314 2610
1608037083478 0.013630028814077377 2620
1608037084105 0.019001029431819916 2630
1608037084712 0.011884680949151516 2640
1608037085313 0.0077560069039464 2650
1608037085914 0.018245819956064224 2660
1608037086503 0.014110728166997433 2670
1608037087101 0.009080472402274609 2680
1608037087701 0.013734450563788414 2690
1608037088299 0.011661795899271965 2700
1608037088897 0.00702675012871623 2710
1608037089496 0.010587671771645546 2720
1608037090084 0.00641927495598793 2730
1608037090683 0.01118777971714735 2740
1608037091281 0.00938089657574892 2750
1608037091879 0.013531466946005821 2760
1608037092477 0.014874710701406002 2770
1608037093079 0.010895097628235817 2780
1608037093667 0.013338999822735786 2790
1608037094268 0.00809391587972641 2800
1608037094868 0.0152096226811409 2810
1608037095467 0.014030392281711102 2820
1608037096065 0.013971066102385521 2830
1608037096663 0.013808708637952805 2840
1608037097261 0.006837951950728893 2850
1608037097848 0.011159233748912811 2860
1608037098446 0.007894475013017654 2870
1608037099044 0.013334321789443493 2880
1608037099643 0.013953743502497673 2890
1608037100241 0.009842254221439362 2900
1608037100840 0.010362338274717331 2910
1608037101426 0.01056482270359993 2920
1608037102025 0.009638268500566483 2930
1608037102627 0.00518404645845294 2940
1608037103233 0.015669094398617744 2950
1608037103840 0.012128199450671673 2960
1608037104456 0.013782253488898277 2970
1608037105061 0.01283727865666151 2980
1608037105691 0.008972695097327232 2990
1608037106300 0.004777482245117426 3000
1608037106902 0.008057910948991776 3010
1608037107512 0.008168192580342293 3020
1608037108110 0.01131680142134428 3030
1608037108694 0.008170904591679573 3040
1608037109312 0.009475494734942913 3050
1608037109921 0.008063353598117828 3060
1608037110532 0.019352436065673828 3070
1608037111134 0.013587302528321743 3080
1608037111734 0.01129185315221548 3090
