1608037290120 0.7088073492050171 0
1608037290728 0.5782445669174194 10
1608037291322 0.34357449412345886 20
1608037291915 0.14992974698543549 30
1608037292507 0.07526389509439468 40
1608037293100 0.049665164202451706 50
1608037293692 0.04859369620680809 60
1608037294272 0.03811665624380112 70
1608037294866 0.037377312779426575 80
1608037295459 0.03325338289141655 90
1608037296052 0.03843384236097336 100
1608037296646 0.033765360713005066 110
1608037297239 0.040652789175510406 120
1608037297822 0.04221303015947342 130
1608037298416 0.03490965813398361 140
1608037299009 0.023876134306192398 150
1608037299603 0.032641928642988205 160
1608037300197 0.029009979218244553 170
1608037300795 0.02516387216746807 180
1608037301380 0.03245574235916138 190
1608037301975 0.030498264357447624 200
1608037302570 0.026893004775047302 210
1608037303166 0.032454732805490494 220
1608037303761 0.02608974650502205 230
1608037304358 0.03046918660402298 240
1608037304941 0.03065307065844536 250
1608037305536 0.030055364593863487 260
1608037306131 0.03046632930636406 270
1608037306726 0.032824255526065826 280
1608037307324 0.035763874650001526 290
1608037307919 0.02631557546555996 300
