1608036905779 0.7070231437683105 0
1608036906402 0.6892024874687195 10
1608036906990 0.6288807988166809 20
1608036907579 0.5543603301048279 30
1608036908168 0.4819642901420593 40
1608036908756 0.41439682245254517 50
1608036909346 0.3543400764465332 60
1608036909924 0.2983655631542206 70
1608036910514 0.24619609117507935 80
1608036911105 0.2038588970899582 90
1608036911695 0.17063510417938232 100
1608036912288 0.1414409875869751 110
1608036912883 0.12228819727897644 120
1608036913563 0.10850609838962555 130
1608036914166 0.09129868447780609 140
1608036914765 0.07538201659917831 150
1608036915365 0.07375649362802505 160
1608036915960 0.06380018591880798 170
1608036916556 0.05684288591146469 180
1608036917142 0.05911756679415703 190
1608036917766 0.05315842479467392 200
1608036918376 0.0479777455329895 210
1608036918970 0.04883498698472977 220
